<html>
<head><meta charset="utf-8" /></head>
<body>
    <div>                        <script type="text/javascript">window.PlotlyConfig = {MathJaxConfig: 'local'};</script>
        <script charset="utf-8" src="https://cdn.plot.ly/plotly-2.35.2.min.js"></script>                <div id="d9087576-4a40-453c-b802-9fe22a000e4f" class="plotly-graph-div" style="height:600px; width:800px;"></div>            <script type="text/javascript">                                    window.PLOTLYENV=window.PLOTLYENV || {};                                    if (document.getElementById("d9087576-4a40-453c-b802-9fe22a000e4f")) {                    Plotly.newPlot(                        "d9087576-4a40-453c-b802-9fe22a000e4f",                        [{"coloraxis":"coloraxis","name":"0","x":["Action","Action\u002fAdventure","Adventure","Black-And-White","Comedy","Crime Fiction","Crime Thriller","Drama","Family","Fantasy","Horror","Indie","Musical","Mystery","Psychological Thriller","Romance","Romantic Drama","Silent","Thriller","World Cinema"],"y":["Action","Action\u002fAdventure","Adventure","Black-And-White","Comedy","Crime Fiction","Crime Thriller","Drama","Family","Fantasy","Horror","Indie","Musical","Mystery","Psychological Thriller","Romance","Romantic Drama","Silent","Thriller","World Cinema"],"z":[[7.4702479338842975,7.373015873015873,7.333333333333333,7.647619047619047,7.228571428571429,7.745161290322581,7.073333333333333,7.4,7.125,10.0,7.672727272727273,6.533333333333334,7.7,7.822222222222223,7.65,7.383333333333333,7.2,0.0,7.587209302325581,7.8538461538461535],[7.373015873015873,7.487619047619048,7.56,7.802173913043478,7.08,7.535483870967742,7.107692307692307,7.522222222222222,7.5200000000000005,7.578947368421052,7.720000000000001,7.515789473684211,0.0,7.4399999999999995,0.0,7.566666666666667,6.8,7.7,7.411904761904762,7.978260869565218],[7.333333333333333,7.56,7.2465909090909095,7.584090909090909,6.9,8.16,0.0,7.341666666666667,7.297499999999999,7.4655172413793105,7.900000000000001,7.7,7.642857142857143,6.1000000000000005,8.1,7.558333333333334,7.5,7.7,7.388888888888889,8.071428571428571],[7.647619047619047,7.802173913043478,7.584090909090909,7.019517543859649,6.718222222222223,7.571929824561404,7.446000000000001,7.404216867469879,7.527272727272727,7.496666666666667,7.354,6.583333333333333,6.9,7.407272727272727,7.551724137931035,7.485714285714286,7.333333333333333,6.585416666666667,7.46,7.933333333333334],[7.228571428571429,7.08,6.9,6.718222222222223,7.0778,7.6,7.172727272727272,7.319083969465648,6.735416666666667,6.767741935483872,7.613888888888888,6.387741935483871,7.433333333333333,7.08125,8.641176470588235,7.34470588235294,7.454545454545454,6.463924050632912,7.252631578947367,7.785714285714286],[7.745161290322581,7.535483870967742,8.16,7.571929824561404,7.6,7.584444444444444,7.370588235294117,7.549484536082474,7.6,10.0,7.008333333333333,7.75,7.696153846153846,7.506779661016949,7.631578947368421,7.2749999999999995,7.085714285714286,7.1,7.59925925925926,7.901785714285714],[7.073333333333333,7.107692307692307,0.0,7.446000000000001,7.172727272727272,7.370588235294117,7.41981981981982,7.425,0.0,0.0,7.035714285714286,7.576923076923077,0.0,7.544594594594594,7.721621621621622,6.857142857142857,6.74,7.1,7.41981981981982,7.514814814814815],[7.4,7.522222222222222,7.341666666666667,7.404216867469879,7.319083969465648,7.549484536082474,7.425,7.384831460674158,7.055072463768116,7.433962264150943,7.332692307692308,7.4096153846153845,7.057446808510638,7.531428571428572,7.5055555555555555,7.462637362637363,7.574107142857143,7.396052631578947,7.497014925373135,7.790909090909092],[7.125,7.5200000000000005,7.297499999999999,7.527272727272727,6.735416666666667,7.6,0.0,7.055072463768116,7.040229885057471,7.163265306122449,0.0,7.7,7.2894736842105265,6.1000000000000005,0.0,7.5,0.0,7.7,6.9,0.0],[10.0,7.578947368421052,7.4655172413793105,7.496666666666667,6.767741935483872,10.0,0.0,7.433962264150943,7.163265306122449,7.2953488372093025,8.0,7.717647058823529,7.590000000000001,6.3,0.0,7.4512820512820515,7.466666666666666,7.717647058823529,10.0,7.475],[7.672727272727273,7.720000000000001,7.900000000000001,7.354,7.613888888888888,7.008333333333333,7.035714285714286,7.332692307692308,0.0,8.0,7.122950819672131,6.8805555555555555,7.4,7.076744186046512,7.793749999999999,7.300000000000001,0.0,7.405405405405405,7.041269841269842,6.857142857142857],[6.533333333333334,7.515789473684211,7.7,6.583333333333333,6.387741935483871,7.75,7.576923076923077,7.4096153846153845,7.7,7.717647058823529,6.8805555555555555,6.68135593220339,6.2,7.504347826086956,6.783333333333334,7.594736842105264,7.6,6.617368421052631,7.2807692307692315,7.864285714285715],[7.7,0.0,7.642857142857143,6.9,7.433333333333333,7.696153846153846,0.0,7.057446808510638,7.2894736842105265,7.590000000000001,7.4,6.2,7.206,8.1,0.0,7.158333333333333,7.375,0.0,7.7153846153846155,8.057142857142857],[7.822222222222223,7.4399999999999995,6.1000000000000005,7.407272727272727,7.08125,7.506779661016949,7.544594594594594,7.531428571428572,6.1000000000000005,6.3,7.076744186046512,7.504347826086956,8.1,7.417557251908398,7.678787878787879,7.666666666666667,8.2,7.039999999999999,7.469565217391304,7.923809523809524],[7.65,0.0,8.1,7.551724137931035,8.641176470588235,7.631578947368421,7.721621621621622,7.5055555555555555,0.0,0.0,7.793749999999999,6.783333333333334,0.0,7.678787878787879,7.730769230769231,7.7,0.0,6.6,7.5321428571428575,7.392307692307692],[7.383333333333333,7.566666666666667,7.558333333333334,7.485714285714286,7.34470588235294,7.2749999999999995,6.857142857142857,7.462637362637363,7.5,7.4512820512820515,7.300000000000001,7.594736842105264,7.158333333333333,7.666666666666667,7.7,7.383471074380165,7.574774774774775,7.6,7.194117647058824,7.745054945054944],[7.2,6.8,7.5,7.333333333333333,7.454545454545454,7.085714285714286,6.74,7.574107142857143,0.0,7.466666666666666,0.0,7.6,7.375,8.2,0.0,7.574774774774775,7.574107142857143,7.65,7.028571428571429,7.7243589743589745],[0.0,7.7,7.7,6.585416666666667,6.463924050632912,7.1,7.1,7.396052631578947,7.7,7.717647058823529,7.405405405405405,6.617368421052631,0.0,7.039999999999999,6.6,7.6,7.65,6.734497816593887,7.084615384615384,7.875],[7.587209302325581,7.411904761904762,7.388888888888889,7.46,7.252631578947367,7.59925925925926,7.41981981981982,7.497014925373135,6.9,10.0,7.041269841269842,7.2807692307692315,7.7153846153846155,7.469565217391304,7.5321428571428575,7.194117647058824,7.028571428571429,7.084615384615384,7.411552346570397,7.640983606557377],[7.8538461538461535,7.978260869565218,8.071428571428571,7.933333333333334,7.785714285714286,7.901785714285714,7.514814814814815,7.790909090909092,0.0,7.475,6.857142857142857,7.864285714285715,8.057142857142857,7.923809523809524,7.392307692307692,7.745054945054944,7.7243589743589745,7.875,7.640983606557377,7.722751322751322]],"type":"heatmap","xaxis":"x","yaxis":"y","hovertemplate":"Remake Genres: %{x}\u003cbr\u003eOriginal Genres: %{y}\u003cbr\u003eMean Vote Averages: %{z}\u003cextra\u003e\u003c\u002fextra\u003e"}],                        {"template":{"data":{"barpolar":[{"marker":{"line":{"color":"white","width":0.5},"pattern":{"fillmode":"overlay","size":10,"solidity":0.2}},"type":"barpolar"}],"bar":[{"error_x":{"color":"#2a3f5f"},"error_y":{"color":"#2a3f5f"},"marker":{"line":{"color":"white","width":0.5},"pattern":{"fillmode":"overlay","size":10,"solidity":0.2}},"type":"bar"}],"carpet":[{"aaxis":{"endlinecolor":"#2a3f5f","gridcolor":"#C8D4E3","linecolor":"#C8D4E3","minorgridcolor":"#C8D4E3","startlinecolor":"#2a3f5f"},"baxis":{"endlinecolor":"#2a3f5f","gridcolor":"#C8D4E3","linecolor":"#C8D4E3","minorgridcolor":"#C8D4E3","startlinecolor":"#2a3f5f"},"type":"carpet"}],"choropleth":[{"colorbar":{"outlinewidth":0,"ticks":""},"type":"choropleth"}],"contourcarpet":[{"colorbar":{"outlinewidth":0,"ticks":""},"type":"contourcarpet"}],"contour":[{"colorbar":{"outlinewidth":0,"ticks":""},"colorscale":[[0.0,"#0d0887"],[0.1111111111111111,"#46039f"],[0.2222222222222222,"#7201a8"],[0.3333333333333333,"#9c179e"],[0.4444444444444444,"#bd3786"],[0.5555555555555556,"#d8576b"],[0.6666666666666666,"#ed7953"],[0.7777777777777778,"#fb9f3a"],[0.8888888888888888,"#fdca26"],[1.0,"#f0f921"]],"type":"contour"}],"heatmapgl":[{"colorbar":{"outlinewidth":0,"ticks":""},"colorscale":[[0.0,"#0d0887"],[0.1111111111111111,"#46039f"],[0.2222222222222222,"#7201a8"],[0.3333333333333333,"#9c179e"],[0.4444444444444444,"#bd3786"],[0.5555555555555556,"#d8576b"],[0.6666666666666666,"#ed7953"],[0.7777777777777778,"#fb9f3a"],[0.8888888888888888,"#fdca26"],[1.0,"#f0f921"]],"type":"heatmapgl"}],"heatmap":[{"colorbar":{"outlinewidth":0,"ticks":""},"colorscale":[[0.0,"#0d0887"],[0.1111111111111111,"#46039f"],[0.2222222222222222,"#7201a8"],[0.3333333333333333,"#9c179e"],[0.4444444444444444,"#bd3786"],[0.5555555555555556,"#d8576b"],[0.6666666666666666,"#ed7953"],[0.7777777777777778,"#fb9f3a"],[0.8888888888888888,"#fdca26"],[1.0,"#f0f921"]],"type":"heatmap"}],"histogram2dcontour":[{"colorbar":{"outlinewidth":0,"ticks":""},"colorscale":[[0.0,"#0d0887"],[0.1111111111111111,"#46039f"],[0.2222222222222222,"#7201a8"],[0.3333333333333333,"#9c179e"],[0.4444444444444444,"#bd3786"],[0.5555555555555556,"#d8576b"],[0.6666666666666666,"#ed7953"],[0.7777777777777778,"#fb9f3a"],[0.8888888888888888,"#fdca26"],[1.0,"#f0f921"]],"type":"histogram2dcontour"}],"histogram2d":[{"colorbar":{"outlinewidth":0,"ticks":""},"colorscale":[[0.0,"#0d0887"],[0.1111111111111111,"#46039f"],[0.2222222222222222,"#7201a8"],[0.3333333333333333,"#9c179e"],[0.4444444444444444,"#bd3786"],[0.5555555555555556,"#d8576b"],[0.6666666666666666,"#ed7953"],[0.7777777777777778,"#fb9f3a"],[0.8888888888888888,"#fdca26"],[1.0,"#f0f921"]],"type":"histogram2d"}],"histogram":[{"marker":{"pattern":{"fillmode":"overlay","size":10,"solidity":0.2}},"type":"histogram"}],"mesh3d":[{"colorbar":{"outlinewidth":0,"ticks":""},"type":"mesh3d"}],"parcoords":[{"line":{"colorbar":{"outlinewidth":0,"ticks":""}},"type":"parcoords"}],"pie":[{"automargin":true,"type":"pie"}],"scatter3d":[{"line":{"colorbar":{"outlinewidth":0,"ticks":""}},"marker":{"colorbar":{"outlinewidth":0,"ticks":""}},"type":"scatter3d"}],"scattercarpet":[{"marker":{"colorbar":{"outlinewidth":0,"ticks":""}},"type":"scattercarpet"}],"scattergeo":[{"marker":{"colorbar":{"outlinewidth":0,"ticks":""}},"type":"scattergeo"}],"scattergl":[{"marker":{"colorbar":{"outlinewidth":0,"ticks":""}},"type":"scattergl"}],"scattermapbox":[{"marker":{"colorbar":{"outlinewidth":0,"ticks":""}},"type":"scattermapbox"}],"scatterpolargl":[{"marker":{"colorbar":{"outlinewidth":0,"ticks":""}},"type":"scatterpolargl"}],"scatterpolar":[{"marker":{"colorbar":{"outlinewidth":0,"ticks":""}},"type":"scatterpolar"}],"scatter":[{"fillpattern":{"fillmode":"overlay","size":10,"solidity":0.2},"type":"scatter"}],"scatterternary":[{"marker":{"colorbar":{"outlinewidth":0,"ticks":""}},"type":"scatterternary"}],"surface":[{"colorbar":{"outlinewidth":0,"ticks":""},"colorscale":[[0.0,"#0d0887"],[0.1111111111111111,"#46039f"],[0.2222222222222222,"#7201a8"],[0.3333333333333333,"#9c179e"],[0.4444444444444444,"#bd3786"],[0.5555555555555556,"#d8576b"],[0.6666666666666666,"#ed7953"],[0.7777777777777778,"#fb9f3a"],[0.8888888888888888,"#fdca26"],[1.0,"#f0f921"]],"type":"surface"}],"table":[{"cells":{"fill":{"color":"#EBF0F8"},"line":{"color":"white"}},"header":{"fill":{"color":"#C8D4E3"},"line":{"color":"white"}},"type":"table"}]},"layout":{"annotationdefaults":{"arrowcolor":"#2a3f5f","arrowhead":0,"arrowwidth":1},"autotypenumbers":"strict","coloraxis":{"colorbar":{"outlinewidth":0,"ticks":""}},"colorscale":{"diverging":[[0,"#8e0152"],[0.1,"#c51b7d"],[0.2,"#de77ae"],[0.3,"#f1b6da"],[0.4,"#fde0ef"],[0.5,"#f7f7f7"],[0.6,"#e6f5d0"],[0.7,"#b8e186"],[0.8,"#7fbc41"],[0.9,"#4d9221"],[1,"#276419"]],"sequential":[[0.0,"#0d0887"],[0.1111111111111111,"#46039f"],[0.2222222222222222,"#7201a8"],[0.3333333333333333,"#9c179e"],[0.4444444444444444,"#bd3786"],[0.5555555555555556,"#d8576b"],[0.6666666666666666,"#ed7953"],[0.7777777777777778,"#fb9f3a"],[0.8888888888888888,"#fdca26"],[1.0,"#f0f921"]],"sequentialminus":[[0.0,"#0d0887"],[0.1111111111111111,"#46039f"],[0.2222222222222222,"#7201a8"],[0.3333333333333333,"#9c179e"],[0.4444444444444444,"#bd3786"],[0.5555555555555556,"#d8576b"],[0.6666666666666666,"#ed7953"],[0.7777777777777778,"#fb9f3a"],[0.8888888888888888,"#fdca26"],[1.0,"#f0f921"]]},"colorway":["#636efa","#EF553B","#00cc96","#ab63fa","#FFA15A","#19d3f3","#FF6692","#B6E880","#FF97FF","#FECB52"],"font":{"color":"#2a3f5f"},"geo":{"bgcolor":"white","lakecolor":"white","landcolor":"white","showlakes":true,"showland":true,"subunitcolor":"#C8D4E3"},"hoverlabel":{"align":"left"},"hovermode":"closest","mapbox":{"style":"light"},"paper_bgcolor":"white","plot_bgcolor":"white","polar":{"angularaxis":{"gridcolor":"#EBF0F8","linecolor":"#EBF0F8","ticks":""},"bgcolor":"white","radialaxis":{"gridcolor":"#EBF0F8","linecolor":"#EBF0F8","ticks":""}},"scene":{"xaxis":{"backgroundcolor":"white","gridcolor":"#DFE8F3","gridwidth":2,"linecolor":"#EBF0F8","showbackground":true,"ticks":"","zerolinecolor":"#EBF0F8"},"yaxis":{"backgroundcolor":"white","gridcolor":"#DFE8F3","gridwidth":2,"linecolor":"#EBF0F8","showbackground":true,"ticks":"","zerolinecolor":"#EBF0F8"},"zaxis":{"backgroundcolor":"white","gridcolor":"#DFE8F3","gridwidth":2,"linecolor":"#EBF0F8","showbackground":true,"ticks":"","zerolinecolor":"#EBF0F8"}},"shapedefaults":{"line":{"color":"#2a3f5f"}},"ternary":{"aaxis":{"gridcolor":"#DFE8F3","linecolor":"#A2B1C6","ticks":""},"baxis":{"gridcolor":"#DFE8F3","linecolor":"#A2B1C6","ticks":""},"bgcolor":"white","caxis":{"gridcolor":"#DFE8F3","linecolor":"#A2B1C6","ticks":""}},"title":{"x":0.05},"xaxis":{"automargin":true,"gridcolor":"#EBF0F8","linecolor":"#EBF0F8","ticks":"","title":{"standoff":15},"zerolinecolor":"#EBF0F8","zerolinewidth":2},"yaxis":{"automargin":true,"gridcolor":"#EBF0F8","linecolor":"#EBF0F8","ticks":"","title":{"standoff":15},"zerolinecolor":"#EBF0F8","zerolinewidth":2}}},"xaxis":{"anchor":"y","domain":[0.0,1.0],"scaleanchor":"y","constrain":"domain","title":{"text":"Remake Genres"}},"yaxis":{"anchor":"x","domain":[0.0,1.0],"autorange":"reversed","constrain":"domain","title":{"text":"Original Genres"}},"coloraxis":{"colorbar":{"title":{"text":"Mean Vote Averages"}},"colorscale":[[0.0,"rgb(252,251,253)"],[0.125,"rgb(239,237,245)"],[0.25,"rgb(218,218,235)"],[0.375,"rgb(188,189,220)"],[0.5,"rgb(158,154,200)"],[0.625,"rgb(128,125,186)"],[0.75,"rgb(106,81,163)"],[0.875,"rgb(84,39,143)"],[1.0,"rgb(63,0,125)"]]},"title":{"text":"Mean Vote Averages (Remakes) by Genre (Original -\u003e Remakes)"},"showlegend":false,"autosize":true,"height":600,"width":800},                        {"responsive": true}                    )                };                            </script>        </div>
</body>
</html>