<html>
<head><meta charset="utf-8" /></head>
<body>
    <div>                        <script type="text/javascript">window.PlotlyConfig = {MathJaxConfig: 'local'};</script>
        <script charset="utf-8" src="https://cdn.plot.ly/plotly-2.35.2.min.js"></script>                <div id="52b7ccfb-48ba-4e78-8f69-f51235a567ea" class="plotly-graph-div" style="height:600px; width:800px;"></div>            <script type="text/javascript">                                    window.PLOTLYENV=window.PLOTLYENV || {};                                    if (document.getElementById("52b7ccfb-48ba-4e78-8f69-f51235a567ea")) {                    Plotly.newPlot(                        "52b7ccfb-48ba-4e78-8f69-f51235a567ea",                        [{"coloraxis":"coloraxis","name":"0","x":["Action","Action\u002fAdventure","Adventure","Black-And-White","Comedy","Crime Fiction","Crime Thriller","Drama","Family","Fantasy","Horror","Indie","Musical","Mystery","Psychological Thriller","Romance","Romantic Drama","Silent","Thriller","World Cinema"],"y":["Action","Action\u002fAdventure","Adventure","Black-And-White","Comedy","Crime Fiction","Crime Thriller","Drama","Family","Fantasy","Horror","Indie","Musical","Mystery","Psychological Thriller","Romance","Romantic Drama","Silent","Thriller","World Cinema"],"z":[[7.703454127017249,7.585529659534346,7.430236939511505,7.993924218916823,7.495697119851347,7.71065778556561,7.284806330785717,7.790963047902732,7.196296048205543,10.0,7.82725362980171,6.789543779022452,7.7,8.253674325625811,7.700187544145944,7.59230632744891,7.2,0.0,7.718608335643469,8.161012564959954],[7.585529659534346,7.816181259473645,7.703213214246472,8.241647500088463,6.928848765604361,7.715675724481094,7.297784008883007,8.028785298655512,7.22153728748029,7.2286095877667815,7.867667069371145,7.2669045612916445,0.0,7.520186105784548,0.0,7.360934175855796,6.8,7.7,7.55965750359747,8.280760539092991],[7.430236939511505,7.703213214246472,7.654062001495926,7.993004994062827,8.016578439605704,8.158636370321348,0.0,7.6781531055734416,7.805244669586955,8.034730691153575,7.9,7.7,8.105869306521491,5.454629375864812,8.1,7.71367235764935,7.5,7.7,7.344043013395081,8.173743268502447],[7.993924218916823,8.241647500088463,7.993004994062827,7.91338182501507,7.751002242134949,7.982447662955231,7.820112597449751,8.068322788587393,8.002483737854568,7.9483758881923094,7.686368008005029,7.732407899607959,7.836574801916054,7.785228531780105,7.876426393692147,7.818026043275777,7.338681787558949,7.6295260278732036,7.835582086753896,8.3712695568085],[7.495697119851347,6.928848765604361,8.016578439605704,7.751002242134949,7.864881465706139,7.939147642453622,7.48991311050382,8.21891196884912,7.531766299337394,7.4295687129577095,7.411959338857365,5.37848548700137,8.220998120836812,6.677696474335192,8.48141972189471,8.0352253868972,8.741228538012464,7.239957624377304,7.418718211921227,8.211606119268183],[7.71065778556561,7.715675724481094,8.158636370321348,7.982447662955231,7.939147642453622,7.784418443260391,7.5761096572375735,7.797411592730571,7.6000000000000005,10.0,7.424026883097872,7.793612884689532,7.672473737427967,7.851570452256286,7.86836144866722,7.3494451865484205,7.243171064920229,7.1,7.718345365285149,8.042849374334054],[7.284806330785717,7.297784008883007,0.0,7.820112597449751,7.48991311050382,7.5761096572375735,7.81800300406621,7.666764442602922,0.0,0.0,7.210409714928385,7.7702715950291585,0.0,7.990260527584068,8.085131566830139,6.890130842298526,6.703669698015447,7.1,7.81800300406621,7.712239282081094],[7.790963047902732,8.028785298655512,7.6781531055734416,8.068322788587393,8.21891196884912,7.797411592730571,7.666764442602922,7.982194391901802,7.800125567084357,8.05556628343461,7.372525414590791,7.4074057115545475,8.030208680291613,8.085042558558253,7.782600146400458,8.092753236089292,8.235967520270908,7.584476044110364,7.767137749111162,8.249640648442194],[7.196296048205543,7.22153728748029,7.805244669586955,8.002483737854568,7.531766299337394,7.6000000000000005,0.0,7.800125567084357,7.629802415819956,7.813275105649551,0.0,7.7,7.8596519079604885,5.454629375864812,0.0,7.631346672095321,0.0,7.7,6.900000000000001,0.0],[10.0,7.2286095877667815,8.034730691153575,7.9483758881923094,7.4295687129577095,10.0,0.0,8.05556628343461,7.813275105649551,7.620755609018144,8.0,7.733732190217727,8.009890596834731,6.3,0.0,7.347269987483139,7.744250805076718,7.733732190217727,10.0,7.600080621644338],[7.82725362980171,7.867667069371145,7.9,7.686368008005029,7.411959338857365,7.424026883097872,7.210409714928385,7.372525414590791,0.0,8.0,7.356754325039572,7.310583033886475,7.4,7.378009305787842,7.473034342533927,7.3766494330277625,0.0,7.545987911008449,7.277569482744348,7.211280344647974],[6.789543779022452,7.2669045612916445,7.7,7.732407899607959,5.37848548700137,7.793612884689532,7.7702715950291585,7.4074057115545475,7.7,7.733732190217727,7.310583033886475,7.301474590243142,6.2,7.552378625544501,6.975563005121466,7.693104484338617,7.6,7.723466468708165,7.5106353723940815,7.861111628510792],[7.7,0.0,8.105869306521491,7.836574801916054,8.220998120836812,7.672473737427967,0.0,8.030208680291613,7.8596519079604885,8.009890596834731,7.4,6.2,7.942437291194726,8.1,0.0,8.023293296484233,7.534776569852344,0.0,7.705320062617637,8.387651658333523],[8.253674325625811,7.520186105784548,5.454629375864812,7.785228531780105,6.677696474335192,7.851570452256286,7.990260527584068,8.085042558558253,5.454629375864812,6.3,7.378009305787842,7.552378625544501,8.1,7.916730171413144,8.03691182947136,8.004332312837347,8.2,7.082845598138851,8.013324447463377,8.193894766861098],[7.700187544145944,0.0,8.1,7.876426393692147,8.48141972189471,7.86836144866722,8.085131566830139,7.782600146400458,0.0,0.0,7.473034342533927,6.975563005121466,0.0,8.03691182947136,7.951449627647239,7.7,0.0,6.6,7.9800297277745225,7.69194571158628],[7.59230632744891,7.360934175855796,7.71367235764935,7.818026043275777,8.0352253868972,7.3494451865484205,6.890130842298526,8.092753236089292,7.631346672095321,7.347269987483139,7.3766494330277625,7.693104484338617,8.023293296484233,8.004332312837347,7.7,7.853106850317524,8.236979798154053,7.693257436650753,7.377994974246484,8.150104325482252],[7.2,6.8,7.5,7.338681787558949,8.741228538012464,7.243171064920229,6.703669698015447,8.235967520270908,0.0,7.744250805076718,0.0,7.6,7.534776569852344,8.2,0.0,8.236979798154053,8.235967520270908,7.638712434126193,7.238834797486363,7.8855868399265665],[0.0,7.7,7.7,7.6295260278732036,7.239957624377304,7.1,7.1,7.584476044110364,7.7,7.733732190217727,7.545987911008449,7.723466468708165,0.0,7.082845598138851,6.6,7.693257436650753,7.638712434126193,7.56715094745121,7.685316583839498,7.9786154737517325],[7.718608335643469,7.55965750359747,7.344043013395081,7.835582086753896,7.418718211921227,7.718345365285149,7.81800300406621,7.767137749111162,6.900000000000001,10.0,7.277569482744348,7.5106353723940815,7.705320062617637,8.013324447463377,7.9800297277745225,7.377994974246484,7.238834797486363,7.685316583839498,7.720406822193139,8.040003009924746],[8.161012564959954,8.280760539092991,8.173743268502447,8.3712695568085,8.211606119268183,8.042849374334054,7.712239282081094,8.249640648442194,0.0,7.600080621644338,7.211280344647974,7.861111628510792,8.387651658333523,8.193894766861098,7.69194571158628,8.150104325482252,7.8855868399265665,7.9786154737517325,8.040003009924746,8.127293072156332]],"type":"heatmap","xaxis":"x","yaxis":"y","hovertemplate":"Remake Genres: %{x}\u003cbr\u003eOriginal Genres: %{y}\u003cbr\u003eWeighted Vote Average: %{z}\u003cextra\u003e\u003c\u002fextra\u003e"}],                        {"template":{"data":{"barpolar":[{"marker":{"line":{"color":"white","width":0.5},"pattern":{"fillmode":"overlay","size":10,"solidity":0.2}},"type":"barpolar"}],"bar":[{"error_x":{"color":"#2a3f5f"},"error_y":{"color":"#2a3f5f"},"marker":{"line":{"color":"white","width":0.5},"pattern":{"fillmode":"overlay","size":10,"solidity":0.2}},"type":"bar"}],"carpet":[{"aaxis":{"endlinecolor":"#2a3f5f","gridcolor":"#C8D4E3","linecolor":"#C8D4E3","minorgridcolor":"#C8D4E3","startlinecolor":"#2a3f5f"},"baxis":{"endlinecolor":"#2a3f5f","gridcolor":"#C8D4E3","linecolor":"#C8D4E3","minorgridcolor":"#C8D4E3","startlinecolor":"#2a3f5f"},"type":"carpet"}],"choropleth":[{"colorbar":{"outlinewidth":0,"ticks":""},"type":"choropleth"}],"contourcarpet":[{"colorbar":{"outlinewidth":0,"ticks":""},"type":"contourcarpet"}],"contour":[{"colorbar":{"outlinewidth":0,"ticks":""},"colorscale":[[0.0,"#0d0887"],[0.1111111111111111,"#46039f"],[0.2222222222222222,"#7201a8"],[0.3333333333333333,"#9c179e"],[0.4444444444444444,"#bd3786"],[0.5555555555555556,"#d8576b"],[0.6666666666666666,"#ed7953"],[0.7777777777777778,"#fb9f3a"],[0.8888888888888888,"#fdca26"],[1.0,"#f0f921"]],"type":"contour"}],"heatmapgl":[{"colorbar":{"outlinewidth":0,"ticks":""},"colorscale":[[0.0,"#0d0887"],[0.1111111111111111,"#46039f"],[0.2222222222222222,"#7201a8"],[0.3333333333333333,"#9c179e"],[0.4444444444444444,"#bd3786"],[0.5555555555555556,"#d8576b"],[0.6666666666666666,"#ed7953"],[0.7777777777777778,"#fb9f3a"],[0.8888888888888888,"#fdca26"],[1.0,"#f0f921"]],"type":"heatmapgl"}],"heatmap":[{"colorbar":{"outlinewidth":0,"ticks":""},"colorscale":[[0.0,"#0d0887"],[0.1111111111111111,"#46039f"],[0.2222222222222222,"#7201a8"],[0.3333333333333333,"#9c179e"],[0.4444444444444444,"#bd3786"],[0.5555555555555556,"#d8576b"],[0.6666666666666666,"#ed7953"],[0.7777777777777778,"#fb9f3a"],[0.8888888888888888,"#fdca26"],[1.0,"#f0f921"]],"type":"heatmap"}],"histogram2dcontour":[{"colorbar":{"outlinewidth":0,"ticks":""},"colorscale":[[0.0,"#0d0887"],[0.1111111111111111,"#46039f"],[0.2222222222222222,"#7201a8"],[0.3333333333333333,"#9c179e"],[0.4444444444444444,"#bd3786"],[0.5555555555555556,"#d8576b"],[0.6666666666666666,"#ed7953"],[0.7777777777777778,"#fb9f3a"],[0.8888888888888888,"#fdca26"],[1.0,"#f0f921"]],"type":"histogram2dcontour"}],"histogram2d":[{"colorbar":{"outlinewidth":0,"ticks":""},"colorscale":[[0.0,"#0d0887"],[0.1111111111111111,"#46039f"],[0.2222222222222222,"#7201a8"],[0.3333333333333333,"#9c179e"],[0.4444444444444444,"#bd3786"],[0.5555555555555556,"#d8576b"],[0.6666666666666666,"#ed7953"],[0.7777777777777778,"#fb9f3a"],[0.8888888888888888,"#fdca26"],[1.0,"#f0f921"]],"type":"histogram2d"}],"histogram":[{"marker":{"pattern":{"fillmode":"overlay","size":10,"solidity":0.2}},"type":"histogram"}],"mesh3d":[{"colorbar":{"outlinewidth":0,"ticks":""},"type":"mesh3d"}],"parcoords":[{"line":{"colorbar":{"outlinewidth":0,"ticks":""}},"type":"parcoords"}],"pie":[{"automargin":true,"type":"pie"}],"scatter3d":[{"line":{"colorbar":{"outlinewidth":0,"ticks":""}},"marker":{"colorbar":{"outlinewidth":0,"ticks":""}},"type":"scatter3d"}],"scattercarpet":[{"marker":{"colorbar":{"outlinewidth":0,"ticks":""}},"type":"scattercarpet"}],"scattergeo":[{"marker":{"colorbar":{"outlinewidth":0,"ticks":""}},"type":"scattergeo"}],"scattergl":[{"marker":{"colorbar":{"outlinewidth":0,"ticks":""}},"type":"scattergl"}],"scattermapbox":[{"marker":{"colorbar":{"outlinewidth":0,"ticks":""}},"type":"scattermapbox"}],"scatterpolargl":[{"marker":{"colorbar":{"outlinewidth":0,"ticks":""}},"type":"scatterpolargl"}],"scatterpolar":[{"marker":{"colorbar":{"outlinewidth":0,"ticks":""}},"type":"scatterpolar"}],"scatter":[{"fillpattern":{"fillmode":"overlay","size":10,"solidity":0.2},"type":"scatter"}],"scatterternary":[{"marker":{"colorbar":{"outlinewidth":0,"ticks":""}},"type":"scatterternary"}],"surface":[{"colorbar":{"outlinewidth":0,"ticks":""},"colorscale":[[0.0,"#0d0887"],[0.1111111111111111,"#46039f"],[0.2222222222222222,"#7201a8"],[0.3333333333333333,"#9c179e"],[0.4444444444444444,"#bd3786"],[0.5555555555555556,"#d8576b"],[0.6666666666666666,"#ed7953"],[0.7777777777777778,"#fb9f3a"],[0.8888888888888888,"#fdca26"],[1.0,"#f0f921"]],"type":"surface"}],"table":[{"cells":{"fill":{"color":"#EBF0F8"},"line":{"color":"white"}},"header":{"fill":{"color":"#C8D4E3"},"line":{"color":"white"}},"type":"table"}]},"layout":{"annotationdefaults":{"arrowcolor":"#2a3f5f","arrowhead":0,"arrowwidth":1},"autotypenumbers":"strict","coloraxis":{"colorbar":{"outlinewidth":0,"ticks":""}},"colorscale":{"diverging":[[0,"#8e0152"],[0.1,"#c51b7d"],[0.2,"#de77ae"],[0.3,"#f1b6da"],[0.4,"#fde0ef"],[0.5,"#f7f7f7"],[0.6,"#e6f5d0"],[0.7,"#b8e186"],[0.8,"#7fbc41"],[0.9,"#4d9221"],[1,"#276419"]],"sequential":[[0.0,"#0d0887"],[0.1111111111111111,"#46039f"],[0.2222222222222222,"#7201a8"],[0.3333333333333333,"#9c179e"],[0.4444444444444444,"#bd3786"],[0.5555555555555556,"#d8576b"],[0.6666666666666666,"#ed7953"],[0.7777777777777778,"#fb9f3a"],[0.8888888888888888,"#fdca26"],[1.0,"#f0f921"]],"sequentialminus":[[0.0,"#0d0887"],[0.1111111111111111,"#46039f"],[0.2222222222222222,"#7201a8"],[0.3333333333333333,"#9c179e"],[0.4444444444444444,"#bd3786"],[0.5555555555555556,"#d8576b"],[0.6666666666666666,"#ed7953"],[0.7777777777777778,"#fb9f3a"],[0.8888888888888888,"#fdca26"],[1.0,"#f0f921"]]},"colorway":["#636efa","#EF553B","#00cc96","#ab63fa","#FFA15A","#19d3f3","#FF6692","#B6E880","#FF97FF","#FECB52"],"font":{"color":"#2a3f5f"},"geo":{"bgcolor":"white","lakecolor":"white","landcolor":"white","showlakes":true,"showland":true,"subunitcolor":"#C8D4E3"},"hoverlabel":{"align":"left"},"hovermode":"closest","mapbox":{"style":"light"},"paper_bgcolor":"white","plot_bgcolor":"white","polar":{"angularaxis":{"gridcolor":"#EBF0F8","linecolor":"#EBF0F8","ticks":""},"bgcolor":"white","radialaxis":{"gridcolor":"#EBF0F8","linecolor":"#EBF0F8","ticks":""}},"scene":{"xaxis":{"backgroundcolor":"white","gridcolor":"#DFE8F3","gridwidth":2,"linecolor":"#EBF0F8","showbackground":true,"ticks":"","zerolinecolor":"#EBF0F8"},"yaxis":{"backgroundcolor":"white","gridcolor":"#DFE8F3","gridwidth":2,"linecolor":"#EBF0F8","showbackground":true,"ticks":"","zerolinecolor":"#EBF0F8"},"zaxis":{"backgroundcolor":"white","gridcolor":"#DFE8F3","gridwidth":2,"linecolor":"#EBF0F8","showbackground":true,"ticks":"","zerolinecolor":"#EBF0F8"}},"shapedefaults":{"line":{"color":"#2a3f5f"}},"ternary":{"aaxis":{"gridcolor":"#DFE8F3","linecolor":"#A2B1C6","ticks":""},"baxis":{"gridcolor":"#DFE8F3","linecolor":"#A2B1C6","ticks":""},"bgcolor":"white","caxis":{"gridcolor":"#DFE8F3","linecolor":"#A2B1C6","ticks":""}},"title":{"x":0.05},"xaxis":{"automargin":true,"gridcolor":"#EBF0F8","linecolor":"#EBF0F8","ticks":"","title":{"standoff":15},"zerolinecolor":"#EBF0F8","zerolinewidth":2},"yaxis":{"automargin":true,"gridcolor":"#EBF0F8","linecolor":"#EBF0F8","ticks":"","title":{"standoff":15},"zerolinecolor":"#EBF0F8","zerolinewidth":2}}},"xaxis":{"anchor":"y","domain":[0.0,1.0],"scaleanchor":"y","constrain":"domain","title":{"text":"Remake Genres"}},"yaxis":{"anchor":"x","domain":[0.0,1.0],"autorange":"reversed","constrain":"domain","title":{"text":"Original Genres"}},"coloraxis":{"colorbar":{"title":{"text":"Weighted Vote Average"}},"colorscale":[[0.0,"rgb(252,251,253)"],[0.125,"rgb(239,237,245)"],[0.25,"rgb(218,218,235)"],[0.375,"rgb(188,189,220)"],[0.5,"rgb(158,154,200)"],[0.625,"rgb(128,125,186)"],[0.75,"rgb(106,81,163)"],[0.875,"rgb(84,39,143)"],[1.0,"rgb(63,0,125)"]]},"title":{"text":"Weighted Vote Averages by Genre (Original -\u003e Remakes)"},"showlegend":false,"autosize":true,"height":600,"width":800},                        {"responsive": true}                    )                };                            </script>        </div>
</body>
</html>